
43	44	47	45	0	0	0	0	0	45	45  :   0   0   0
43	45	44	40	0	0	0	0	0	43	43  :   0   0   0
44	43	45	0	0	0	0	0	0	44	44  :   0   0   0
43	44	44	43	40	0	0	0	0	43	43  :   40  0   0
46	48	44	43	40	0	0	0	0	44	44  :   44  0   0   
45	43	45	42	45	0	0	0	0	44	44  :   0   0   0
47	45	42	45	0	0	0	0	0	44	45  :   0   0   0
43	44	45	0	0	0	0	0	0	45	44  :   0   0   0
0	46	43	0	0	0	0	0	0	45	45  :   0   0   0
44	44	42	43	0	0	0	0	0	43	43  :   0   0   0
43	44	40	0	0	0	0	0	0	42	42  :   42  0   0
0	42	44	43	40	0	0	0	0	42	42  :   40  0   0
44	46	46	43	40	0	0	0	0	44	44  :   43  0   0
44	43	43	43	45	0	0	0	0	44	44  :   0   0   0
0	44	0	0	0	0	0	0	0	44	44  :   0   0   0
45	48	40	0	0	0	0	0	0	44	44  :   40  0   0
46	45	43	40	40	0	0	0	0	42	43  :   0   0   0
44	44	44	45	0	0	0	0	0	44	44  :   0   0   0
0	40	0	0	0	0	0	0	0	40	40  :   41  0   0
44	42	43	40	40	0	0	0	0	41	42  :   0   0   0
0	46	48	45	0	0	0	0	0	46	46  :   0   0   0
45	43	44	43	40	0	0	0	0	43	43  :   47  0   0
44	45	46	47	45	40	0	0	0	45	45  :   0   0   0
0	41	43	40	0	0	0	0	0	41	41  :   0   0   0
46	45	42	40	0	0	0	0	0	42	43  :   0   0   0
44	44	44	43	0	0	0	0	0	44	44  :   0   0   0
0	44	0	0	0	0	0	0	0	44	44  :   0   0   0
46	45	40	0	0	0	0	0	0	43	44  :   0   0   0
45	44	44	40	40	0	0	0	0	42	43  :   44  0   0
49	43	43	44	45	0	0	0	0	44	45  :   43  47  0
45	43	45	46	45	40	0	0	0	44	44  :   40  0   0
42	46	46	43	40	0	0	0	0	44	43  :   0   0   0
0	44	48	43	40	0	0	0	0	44	44  :   0   0   0
45	43	44	43	40	0	0	0	0	43	43  :   40  41  0
49	43	41	40	40	0	0	0	0	41	43  :   43  0   0
46	45	44	45	45	0	0	0	0	45	45  :   41  0   0
42	43	41	40	40	0	0	0	0	41	41  :   0   0   0
44	48	40	0	0	0	0	0	0	44	44  :   43  0   0
0	45	42	44	45	0	0	0	0	44	44  :   47  0   0   
45	42	46	44	43	40	0	0	0	43	43  :   0   0   0
42	44	44	45	0	0	0	0	0	44	44  :   0   0   0
44	44	44	43	0	0	0	0	0	44	44  :   0   0   0
0	45	40	0	0	0	0	0	0	43	43  :   0   0   0
42	42	42	40	0	0	0	0	0	41	42  :   0   0   0
41	44	0	0	0	0	0	0	0	44	43  :   40  41  42
42	44	42	42	40	0	0	0	0	42	42  :   0   0   0
45	0	0	40	40	0	0	0	0	40	42  :   0   0   0
44	43	44	40	0	0	0	0	0	42	43  :   47  0   0   
47	45	44	44	45	40	0	0	0	44	44  :   0   0   0
41	48	47	43	40	0	0	0	0	45	44  :   46  0   0   
45	43	43	44	45	40	0	0	0	43	43  :   0   0   0
44	43	40	40	40	0	0	0	0	41	41  :   42  0   0
44	45	42	45	40	0	0	0	0	43	43  :   0   0   0
42	44	44	43	40	0	0	0	0	43	43  :   44  48  0
45	47	47	46	43	40	0	0	0	45	45  :   47  0   0   
44	44	44	44	45	40	0	0	0	43	44  :   40  45  46
44	43	45	44	43	40	0	0	0	43	43  :   40  43  45  
44	43	44	42	43	40	0	0	0	42	43  :   49  0   0   
43	44	46	44	40	40	0	0	0	43	43  :   0   0   0
46	45	40	0	0	0	0	0	0	43	44  :   0   0   0
41	46	48	45	0	0	0	0	0	46	45  :   42  43  44  
46	45	42	44	43	0	0	0	0	44	44  :   44  0   0   
46	45	43	45	45	0	0	0	0	45	45  :   0   0   0
47	44	44	43	0	0	0	0	0	44	45  :   43  44  0
0	45	45	45	45	0	0	0	0	45	45  :   0   0   0
46	43	40	40	0	0	0	0	0	41	42  :   42  44  0
43	44	45	45	43	0	0	0	0	44	44  :   0   0   0
44	48	47	43	40	0	0	0	0	45	44  :   42  45  0
44	44	42	44	43	40	0	0	0	43	43  :   42  44  47
41	45	45	46	43	40	0	0	0	44	43  :   0   0   0
40	43	40	40	0	0	0	0	0	41	41  :   44  48  0
43	44	47	46	43	40	0	0	0	44	44  :   47  0   0
43	42	44	44	45	40	0	0	0	43	43  :   0   0   0
45	42	45	0	0	0	0	0	0	44	44  :   40  0   0
46	46	44	43	40	0	0	0	0	43	44  :   40  48  0
44	43	46	44	40	40	0	0	0	43	43  :   46  0   0
46	45	43	44	45	40	0	0	0	43	44  :   0   0   0
44	45	46	43	0	0	0	0	0	45	45  :   0   0   0
0	45	0	0	0	0	0	0	0	45	45  :   48  0   0   
44	46	44	44	40	40	0	0	0	43	43  :   41  44  0
43	43	42	42	43	0	0	0	0	43	43  :   45  0   0
45	43	45	42	43	40	0	0	0	43	43  :   49  0   0
45	40	48	48	40	40	0	0	0	43	44  :   40  0   0
0	46	48	43	40	0	0	0	0	44	44  :   41  0   0   
45	42	44	40	40	0	0	0	0	42	42  :   0   0   0
48	46	45	40	40	0	0	0	0	43	44  :   0   0   0
44	42	40	0	0	0	0	0	0	41	42  :   0   0   0
40	43	0	0	0	0	0	0	0	43	42  :   43  0   0
43	46	45	45	45	0	0	0	0	45	45  :   40  0   0
0	40	44	43	40	0	0	0	0	42	42  :   0   0   0
44	45	44	45	0	0	0	0	0	45	45  :   0   0   0
45	45	44	45	0	0	0	0	0	45	45  :   49  0   0
47	44	44	48	40	40	0	0	0	43	44  :   42  0   0
45	42	44	43	40	0	0	0	0	42	43  :   0   0   0
43	45	44	43	40	0	0	0	0	43	43  :   0   0   0
44	46	44	45	0	0	0	0	0	45	45  :   48  0   0
0	45	46	44	40	40	0	0	0	43	43  :   45  0   0
0	45	47	45	45	40	0	0	0	44	44  :   44  47  0
42	45	47	44	43	40	0	0	0	44	44  :   40  46  0
44	42	45	44	43	40	0	0	0	43	43  :   42  44  0
45	45	44	45	43	0	0	0	0	44	44  :   49  0   0
43	43	44	44	40	40	0	0	0	42	42  :   42  0   0
45	40	44	42	40	0	0	0	0	42	42  :   49  0   0
0	43	44	44	40	40	0	0	0	42	42  :   44  0   0
48	43	45	45	45	0	0	0	0	45	45  :   0   0   0
47	44	43	45	0	0	0	0	0	44	45  :   46  0   0   
42	43	47	47	45	40	0	0	0	44	44  :   0   0   0
48	44	44	40	0	0	0	0	0	43	44  :   41  49  0
44	44	43	44	40	40	0	0	0	42	43  :   49  0   0
47	48	48	48	40	40	0	0	0	45	45  :   40  0   0
46	42	44	40	40	0	0	0	0	42	42  :   40  0   0
47	43	40	40	40	0	0	0	0	41	42  :   0   0   0
