25	24	22	22	25	24	23	20	20	23	23  :   20  27  0
24	23	24	24	24	23	23	23	20	23	23  :   24  0   0
26	26	25	24	24	23	23	23	20	24	24  :   27  0   0
24	24	24	23	24	24	23	22	23	23	23  :   23  25  0
24	24	22	26	24	22	23	20	20	23	23  :   22  28  0
29	25	24	23	22	23	20	20	0	22	23  :   25  28  0
24	24	21	26	24	23	23	20	20	23	23  :   21  25  0
0	25	24	23	23	20	20	0	0	23	23  :   22  0   0
23	24	23	24	23	24	23	23	23	23	23  :   26  0   0
22	23	23	23	20	0	0	0	0	22	22  :   24  25  0
25	24	24	23	23	20	20	0	0	22	23  :   21  24  26
20	23	23	24	23	24	23	23	20	23	23  :   21  24  0        ---------- 22 draw
24	24	24	24	24	22	23	23	20	23	23  :   0   0   0
24	24	21	26	25	24	24	22	23	24	24  :   27  0   0
25	22	24	24	23	23	20	20	0	22	23  :   24  0   0
25	22	22	22	23	23	23	20	20	22	22  :   23  24  0
23	24	22	26	24	23	23	20	20	23	23  :   0   0   0
25	24	23	23	20	0	0	0	0	23	23  :   20  21  29
24	25	23	24	22	23	20	20	0	22	23  :   0   0   0
22	23	23	23	23	24	23	23	20	23	23  :   23  26  27
21	25	26	24	24	24	22	24	23	24	24  :   27  0   0
25	26	25	23	24	24	23	23	23	24	24  :   0   0   0
24	23	24	24	24	24	23	23	20	23	23  :   0   0   0
24	26	25	24	23	24	23	23	20	24	24  :   0   0   0
25	24	23	24	24	24	23	23	20	23	23  :   29  0   0
21	24	24	24	22	24	22	23	23	23	23  :   20  23  28
24	25	25	24	24	24	23	23	23	24	24  :   22  23  0
24	26	23	22	23	23	24	23	23	23	23  :   20  24  0
25	24	24	23	23	20	0	0	0	23	23  :   20  0   0
25	26	23	22	24	25	24	23	23	24	24  :   26  0   0
23	24	24	23	24	22	24	23	23	23	23  :   25  0   0
26	23	24	24	24	22	23	20	20	23	23  :   21  0   0
24	24	23	24	23	23	23	23	20	23	23  :   23  0   0
25	24	22	24	23	20	0	0	0	23	23  :   21  0   0
22	24	23	23	22	23	23	20	20	22	22  :   20  22  0            ---- 45 draw

