13	19	14	15	14	14	13	13	14	15	14	:	14	0   0
14	14	12	13	13	13	13	13	13	13	13  :   11  13  19
17	15	13	15	14	14	13	13	14	14	14  :   18  0   0
15	14	14	14	13	14	14	12	13	14	14  :   12  18  0
14	14	14	13	14	13	14	14	13	14	14  :   11  0   0
12	14	13	15	13	14	13	14	14	14	14  :   12  16  17
0	15	15	15	14	13	14	14	14	14	14  :   11  13  0
18	15	12	14	14	14	13	13	14	14	14  :   14  16  17
15	16	13	15	14	14	14	13	14	14	14  :   13  0   0
16	14	13	14	15	14	14	13	13	14	14  :   16  19  0
15	12	14	13	14	14	12	10	10	12	13  :   19  0   0
15	16	15	14	13	15	14	12	13	14	14  :   10  16  17
18	14	13	14	13	14	13	13	13	13	14  :   10  15  19
14	14	14	13	13	12	12	10	10	12	12  :   12  0   0
14	15	13	13	13	14	14	13	13	14	14  :   16  18  0
17	12	13	14	14	15	12	13	13	13	14  :   15  0   0
14	14	13	14	13	15	12	12	13	13	13  :   13  0   0
14	14	14	13	14	13	14	14	14	14	14  :   17  0   0
14	13	13	14	14	13	13	13	13	13	13  :   10  0   0
13	14	13	15	14	14	13	14	14	14	14  :   13  14  15  18
16	13	14	13	14	12	12	10	10	12	13  :   18  0   0
15	14	14	13	15	13	14	13	12	14	14  :   15  18  0
18	15	14	13	14	13	15	15	12	14	14  :   19  0   0
19	17	13	15	15	15	14	13	14	15	15  :   17  19  0
19	13	14	14	14	15	14	13	13	14	14  :   12  0   0
18	14	12	14	14	14	14	13	14	14	14  :   19  0   0
15	15	14	13	14	14	14	13	13	14	14  :   12  0   0
14	13	13	14	13	14	14	14	12	13	13  :   10  13  0
14	15	14	12	14	13	14	12	13	13	13  :   12  0   0
13	16	14	13	15	14	13	14	13	14	14  :   17  0   0
14	14	13	14	13	15	13	13	13	14	14  :   10  0   0
15	14	12	14	14	14	13	13	13	13	14  :   11  0   0
15	14	13	14	13	13	12	14	14	13	14  :   11  0   0
12	15	13	13	14	13	13	14	13	14	13  :   15  18  0
13	13	14	14	14	14	12	12	10	13	13  :   17  0   0
15	11	15	12	14	14	13	13	13	13	13  :   10  0   0
14	14	13	12	13	12	15	13	14	13	13  :   11  0   0
13	16	14	14	14	15	13	12	14	14	14  :   14  0   0
15	13	12	12	14	14	13	14	12	13	13  :   14  0   0
14	16	14	14	13	15	14	13	13	14	14  :   19  0   0
16	14	13	15	14	15	12	13	13	14	14  :   19  0   0
16	14	14	12	14	14	15	13	13	14	14  :   13  0   0
13	14	14	12	16	15	14	14	13	14	14  :   14  0   0
16	16	14	13	13	14	13	15	13	14	14  :   16  17  0
17	13	12	14	14	15	12	12	13	13	14  :   17  0   0
13	15	13	13	15	13	14	14	12	14	14  :   14  0   0
14	17	13	13	14	14	14	14	13	14	14  :   17  0   0
16	13	13	14	15	14	13	13	13	14	14  :   14  0   0
15	16	12	14	15	14	14	14	13	14	14  :   16  19  0
15	13	14	14	14	13	13	13	12	13	13  :   16  0   0
13	16	14	14	14	14	13	12	14	14	14  :   11  0   0
16	14	13	13	14	14	14	14	12	14	14  :   14  0   0
11	16	13	14	15	14	14	14	13	14	14  :   10  0   0
15	15	13	15	14	13	14	14	14	14	14  :   12  0   0
14	14	13	12	14	13	14	13	13	13	13  :   12  15  0
15	15	13	14	14	13	13	14	12	14	14  :   12  14  0
15	14	14	15	13	13	13	12	12	13	13  :   18  0   0
14	13	14	14	13	14	14	13	13	14	14  :   15  0   0
14	15	13	14	14	13	14	15	12	14	14  :   10  14  0
17	15	12	15	13	13	13	13	13	13	14  :   11  13  17  19
15	14	14	13	13	14	15	14	13	14	14  :   13  0   0   
15	15	13	13	15	14	14	14	13	14	14  :   14  19  0
14	14	14	13	15	13	14	14	13	14	14  :   10  12  0
13	14	14	12	10	13	12	13	13	13	13  :   16  18  0
19	12	14	14	14	15	14	13	13	14	14  :   12  16  0
15	14	14	13	13	13	14	12	12	13	13  :   10  0   0
14	15	15	13	14	14	14	13	14	14	14  :   11  12  13
11	15	14	14	13	13	12	12	12	13	13  :   17  19  0
15	13	13	15	15	14	14	13	13	14	14  :   12  17  0
15	13	14	14	13	14	12	12	13	13	13  :   14  16  0
14	14	12	14	13	14	13	13	13	13	13  :   14  15  0
14	15	14	14	12	13	13	14	12	13	13  :   16  0   0
14	14	13	14	14	14	14	13	13	14	14  :   11  0   0
15	14	12	14	13	14	14	13	14	14	14  :   14  18  0
14	14	14	14	13	14	12	13	13	13	13  :   19  0   0
15	15	14	13	13	15	13	14	13	14	14  :   19  0   0
15	13	14	14	15	15	14	14	13	14	14  :   13  14  0
12	16	13	13	15	14	14	14	13	14	14  :   15  0   0
14	13	13	12	15	14	14	14	13	14	14  :   10  0   0
14	13	12	13	15	14	14	14	13	14	14  :   12  0   0
15	16	13	14	14	13	14	14	13	14	14  :   12  19  0
15	16	13	14	14	14	13	14	13	14	14  :   12  15  0
11	16	15	15	13	14	13	14	13	14	14  :   15  0   0
14	12	12	14	15	15	13	14	13	14	14  :   15  17  18
15	13	14	13	14	13	15	14	12	14	14  :   18  19  0
10	15	13	13	14	14	14	13	14	14	13  :   17  0   0
14	13	14	14	15	13	14	13	13	14	14  :   10  14  17
